2013.234318 1.495915e-01 
2013.258226 1.670379e-01 
2013.282134 1.865356e-01 
2013.306042 2.049695e-01 
2013.329950 2.122122e-01 
2013.353859 1.978423e-01 
2013.377767 1.671089e-01 
2013.401675 1.392100e-01 
2013.425583 1.279862e-01 
2013.449491 1.343857e-01 
2013.473400 1.499083e-01 
2013.497308 1.631155e-01 
2013.521216 1.669289e-01 
2013.545124 1.613006e-01 
2013.569033 1.507684e-01 
2013.592941 1.398149e-01 
2013.616849 1.290076e-01 
2013.640758 1.151442e-01 
2013.664666 9.546732e-02 
2013.688575 7.243997e-02 
2013.712483 5.460635e-02 
2013.736392 5.181418e-02 
2013.760300 6.783341e-02 
2013.784209 9.612127e-02 
2013.808117 1.227203e-01 
2013.832025 1.348772e-01 
2013.855934 1.294184e-01 
2013.879842 1.144269e-01 
2013.903750 1.026810e-01 
2013.927659 1.016989e-01 
2013.951567 1.082439e-01 
2013.975475 1.117766e-01 
2013.999384 1.038812e-01 
2014.023292 8.558772e-02 
2014.047201 6.649081e-02 
2014.071109 5.671158e-02 
2014.095017 5.879273e-02 
2014.118926 6.630893e-02 
2014.142834 6.981106e-02 
2014.166742 6.431528e-02 
2014.190651 5.179074e-02 
2014.214559 3.759104e-02 
2014.238467 2.567904e-02 
2014.262376 1.739760e-02 
2014.286284 1.336186e-02 
2014.310193 1.461518e-02 
2014.334101 2.138391e-02 
2014.358009 3.157191e-02 
2014.381918 4.187138e-02 
2014.405826 5.083744e-02 
2014.429734 6.021565e-02 
2014.453643 7.248345e-02 
2014.477551 8.685099e-02 
2014.501459 9.845717e-02 
2014.525368 1.023674e-01 
2014.549276 9.846538e-02 
2014.573184 9.195859e-02 
2014.597093 8.869008e-02 
2014.621001 8.995765e-02 
2014.644910 9.208528e-02 
2014.668818 9.074384e-02 
2014.692726 8.520194e-02 
2014.716635 7.823339e-02 
2014.740543 7.249817e-02 
2014.764452 6.772184e-02 
2014.788360 6.164237e-02 
2014.812268 5.327917e-02 
2014.836176 4.467228e-02 
2014.860085 3.921467e-02 
2014.883993 3.859302e-02 
2014.907901 4.162380e-02 
2014.931810 4.587672e-02 
2014.955718 4.979140e-02 
2014.979626 5.308985e-02 
2015.003535 5.574219e-02 
2015.027443 5.746734e-02 
2015.051352 5.891945e-02 
2015.075260 6.293148e-02 
2015.099168 7.306149e-02 
2015.123077 8.953073e-02 
2015.146985 1.062277e-01 
2015.170893 1.128013e-01 
2015.194802 1.017347e-01 
2015.218710 7.499120e-02 
2015.242618 4.408720e-02 
2015.266527 2.270344e-02 
2015.290435 1.768788e-02 
2015.314344 2.571557e-02 
2015.338252 3.743399e-02 
2015.362160 4.461871e-02 
2015.386068 4.464860e-02 
2015.409976 4.023386e-02 
2015.433884 3.636648e-02 
2015.457793 3.704869e-02 
2015.481701 4.315279e-02 
2015.505609 5.186659e-02 
2015.529518 5.819964e-02 
2015.553426 5.804961e-02 
2015.577335 5.103296e-02 
2015.601244 4.083202e-02 
2015.625152 3.227866e-02 
2015.649060 2.736828e-02 
2015.672969 2.391971e-02 
2015.696877 1.848146e-02 
2015.720785 1.063769e-02 
2015.744694 3.889303e-03 
2015.768602 1.367497e-03 
2015.792510 6.578285e-04 
2015.816419 -5.391201e-03 
2015.840327 -2.054227e-02 
2015.864235 -3.754326e-02 
2015.888144 -4.104060e-02 
2015.912052 -2.123972e-02 
2015.935960 1.403837e-02 
2015.959869 4.241227e-02 
2015.983777 4.489399e-02 
2016.007685 2.314354e-02 
2016.031593 -6.280997e-04 
2016.055502 -2.073722e-03 
2016.079410 2.511872e-02 
2016.103319 6.525317e-02 
2016.127227 9.536117e-02 
2016.151135 1.038175e-01 
2016.175044 9.632208e-02 
2016.198952 8.667688e-02 
2016.222860 8.389070e-02 
2016.246769 8.753836e-02 
2016.270677 9.244072e-02 
2016.294586 9.552023e-02 
2016.318494 9.756697e-02 
2016.342402 1.007183e-01 
2016.366310 1.068032e-01 
2016.390218 1.171729e-01 
2016.414126 1.314867e-01 
2016.438035 1.461271e-01 
2016.461943 1.571480e-01 
2016.485851 1.643060e-01 
2016.502108 1.674231e-01 
2016.523533 1.432430e-01 
2016.547446 1.429728e-01 
2016.571359 1.415067e-01 
2016.595272 1.368924e-01 
2016.619185 1.278219e-01 
2016.643098 1.146662e-01 
2016.667011 9.944789e-02 
2016.690924 8.443474e-02 
2016.714837 7.215447e-02 
2016.738750 6.550035e-02 
2016.762663 6.489060e-02 
2016.786575 6.526219e-02 
2016.810488 5.909003e-02 
2016.834401 4.425148e-02 
2016.858314 2.714183e-02 
2016.882227 1.759561e-02 
2016.906139 2.019142e-02 
2016.930052 2.938565e-02 
2016.953965 3.346212e-02 
2016.977877 2.442840e-02 
2017.001790 5.381538e-03 
2017.025703 -1.169327e-02 
2017.049615 -1.640104e-02 
2017.073528 -9.642820e-03 
2017.097441 -3.334236e-03 
2017.121353 -9.871699e-03 
2017.145266 -3.072765e-02 
2017.169179 -5.448825e-02 
2017.193091 -6.603642e-02 
2017.217004 -5.880976e-02 
2017.240917 -3.954236e-02 
2017.264829 -2.176809e-02 
2017.288742 -1.443925e-02 
2017.312654 -1.589755e-02 
2017.336567 -1.744341e-02 
2017.360479 -1.167552e-02 
2017.384392 2.091411e-03 
2017.408304 1.895134e-02 
2017.432217 3.342981e-02 
2017.456129 4.323013e-02 
2017.480042 4.912364e-02 
2017.503954 5.259074e-02 
2017.527867 5.435822e-02 
2017.551779 5.461758e-02 
2017.575691 5.348081e-02 
2017.599604 5.090324e-02 
2017.623516 4.695455e-02 
2017.647429 4.251162e-02 
2017.671341 3.925277e-02 
2017.695253 3.802615e-02 
2017.719166 3.702703e-02 
2017.743078 3.221516e-02 
2017.766990 2.047528e-02 
2017.790903 3.166818e-03 
2017.814815 -1.358398e-02 
2017.838727 -2.264808e-02 
2017.862640 -2.042153e-02 
2017.886552 -8.016611e-03 
2017.910464 1.135517e-02 
2017.934376 3.533529e-02 
2017.958289 6.287916e-02 
2017.982201 9.259957e-02 
2018.006114 1.217138e-01 
2018.030026 1.467399e-01 
2018.053939 1.646050e-01 
2018.077851 1.728003e-01 
2018.101764 1.693271e-01 
2018.125676 1.541407e-01 
2018.149588 1.320108e-01 
2018.173501 1.135137e-01 
2018.197413 1.110638e-01 
2018.221325 1.310984e-01 
2018.245238 1.681666e-01 
2018.269150 2.067139e-01 
2018.293062 2.302899e-01 
2018.316975 2.314953e-01 
2018.340887 2.151056e-01 
2018.364799 1.925734e-01 
2018.388712 1.732248e-01 
2018.412624 1.590778e-01 
2018.436536 1.462540e-01 
2018.460448 1.304900e-01 
2018.484361 1.121236e-01 
2018.508273 9.689939e-02 
2018.532185 9.194894e-02 
2018.556097 9.977787e-02 
2018.580010 1.148479e-01 
2018.603922 1.264371e-01 
2018.627834 1.264346e-01 
2018.651746 1.157317e-01 
2018.675658 1.030453e-01 
2018.699570 9.654448e-02 
2018.723483 9.613593e-02 
2018.747395 9.419466e-02 
2018.771307 8.385532e-02 
2018.795219 6.589725e-02 
2018.819131 4.686802e-02 
2018.843043 3.123272e-02 
2018.866955 1.721852e-02 
2018.890867 1.109159e-03 
2018.914780 -1.592666e-02 
2018.938692 -2.760461e-02 
2018.962604 -2.950387e-02 
2018.986516 -2.416705e-02 
2019.010428 -1.740556e-02 
2019.034340 -1.044271e-02 
2019.058252 1.998543e-03 
2019.082164 2.481825e-02 
2019.105626 5.449393e-02 
2019.129988 7.951786e-02 
2019.153900 8.879084e-02 
2019.177812 8.060132e-02 
2019.201724 6.282684e-02 
2019.225636 4.556326e-02 
2019.249548 3.379682e-02 
2019.273460 2.638072e-02 
2019.297372 2.040300e-02 
2019.321284 1.540055e-02 
2019.345195 1.372405e-02 
2019.369107 1.794302e-02 
2019.393019 2.838541e-02 
2019.416931 4.255551e-02 
2019.440844 5.609308e-02 
2019.464756 6.450717e-02 
2019.488669 6.523597e-02 
2019.512581 5.933978e-02 
2019.536493 5.164895e-02 
2019.560406 4.851345e-02 
2019.584318 5.404555e-02 
2019.608231 6.689603e-02 
2019.632143 7.958996e-02 
2019.656055 8.190321e-02 
2019.679968 6.743927e-02 
2019.703880 3.924287e-02 
2019.727792 9.365266e-03 
2019.751705 -8.609802e-03 
2019.775617 -8.545636e-03 
2019.799529 5.062369e-03 
2019.823442 2.163777e-02 
2019.847354 3.189910e-02 
2019.871266 3.210558e-02 
2019.895178 2.406151e-02 
2019.919091 1.339049e-02 
2019.943003 7.585464e-03 
2019.966915 1.304948e-02 
2019.990828 3.100089e-02 
2020.014740 5.484158e-02 
2020.038652 7.262541e-02 
2020.062564 7.464792e-02 
2020.086476 6.080338e-02 
2020.110389 4.106904e-02 
2020.134301 2.823382e-02 
2020.158213 2.889367e-02 
2020.182125 3.959122e-02 
2020.206037 4.979443e-02 
2020.229950 4.851571e-02 
2020.253862 3.056181e-02 
2020.277774 -3.122147e-04 
2020.301686 -3.298775e-02 
2020.325598 -5.511566e-02 
2020.349510 -6.048322e-02 
2020.373422 -5.229284e-02 
2020.397334 -3.936834e-02 
2020.421246 -2.824431e-02 
2020.445159 -1.831621e-02 
2020.469071 -4.428659e-03 
2020.492983 1.606585e-02 
2020.516895 3.891614e-02 
2020.540807 5.544904e-02 
2020.564719 5.957371e-02 
2020.588631 5.301623e-02 
2020.612543 4.396752e-02 
2020.636455 4.033387e-02 
2020.660367 4.347054e-02 
2020.684279 4.767494e-02 
2020.708191 4.554957e-02 
2020.732103 3.495491e-02 
2020.756015 2.202521e-02 
2020.779927 1.724563e-02 
2020.803839 2.689963e-02 
2020.827751 4.660573e-02 
2020.851663 6.293802e-02 
2020.875574 6.272984e-02 
2020.899486 4.301074e-02 
2020.923398 1.356770e-02 
2020.947310 -1.025547e-02 
2020.971222 -1.880878e-02 
2020.995134 -1.384756e-02 
2021.019046 -3.670822e-03 
2021.042957 7.385840e-03 
2021.066869 2.439261e-02 
2021.090781 5.579938e-02 
2021.114693 1.011905e-01 
2021.138605 1.453605e-01 
2021.162516 1.665383e-01 
2021.186428 1.531331e-01 
2021.210340 1.139942e-01 
2021.234252 7.246588e-02 
2021.258163 4.926447e-02 
2021.282075 4.885915e-02 
2021.305987 5.987697e-02 
2021.329899 6.720832e-02 
2021.353810 6.431575e-02 
2021.377722 5.607716e-02 
2021.401634 5.223520e-02 
2021.425545 5.902747e-02 
2021.449457 7.575636e-02 
2021.473369 9.680602e-02 
2021.497280 1.157520e-01 
2021.521192 1.287806e-01 
2021.545103 1.361370e-01 
2021.569015 1.409174e-01 
2021.592926 1.458466e-01 
2021.616838 1.506115e-01 
2021.640750 1.522188e-01 
2021.664661 1.477320e-01 
2021.688573 1.365444e-01 
2021.712484 1.206002e-01 
2021.736396 1.031724e-01 
2021.760307 8.736966e-02 
2021.784219 7.474772e-02 
2021.808130 6.402125e-02 
2021.832042 5.111650e-02 
2021.855953 3.180574e-02 
2021.879864 6.150688e-03 
2021.903776 -1.879718e-02 
2021.927688 -3.165470e-02 
2021.951600 -2.396674e-02 
2021.975511 3.522699e-03 
2021.999423 4.089533e-02 
2022.023335 7.507967e-02 
2022.047247 9.698620e-02 
2022.071158 1.051243e-01 
2022.095070 1.046942e-01 
2022.118982 1.035594e-01 
2022.142893 1.068033e-01 
2022.166805 1.123018e-01 
2022.190716 1.105861e-01 
2022.214628 9.111698e-02 
2022.238540 5.205554e-02 
2022.262451 5.309285e-03 
2022.286362 -2.937447e-02 
2022.310274 -3.803518e-02 
2022.334186 -2.262032e-02 
2022.358098 1.225026e-03 
2022.382010 1.653104e-02 
2022.405922 1.672000e-02 
2022.429834 7.843804e-03 
2022.453745 1.323358e-03 
2022.477657 4.319628e-03 
2022.501569 1.514119e-02 
2022.525481 2.595260e-02 
2022.549392 2.945428e-02 
2022.573304 2.400840e-02 
2022.597215 1.365124e-02 
2022.621127 3.775761e-03 
2022.645039 -3.360247e-03 
2022.668950 -9.002720e-03 
2022.692862 -1.402401e-02 
2022.716773 -1.548869e-02 
2022.740685 -8.352821e-03 
2022.764597 8.586408e-03 
2022.788509 2.873755e-02 
2022.812421 4.070498e-02 
2022.836333 3.667928e-02 
2022.860245 1.931622e-02 
2022.884156 1.292406e-03 
2022.908068 -2.527562e-03 
2022.931980 1.527473e-02 
2022.955891 5.002682e-02 
2022.979803 8.861581e-02 
2023.003714 1.183146e-01 
2023.027626 1.339030e-01 
2023.051537 1.380718e-01 
2023.070620 1.353528e-01 
2023.108241 1.297081e-01 
2023.123270 1.155016e-01 
2023.147180 9.445982e-02 
2023.171090 7.010459e-02 
2023.195000 5.039182e-02 
2023.218910 4.172940e-02 
2023.242820 4.538987e-02 
2023.266730 5.854957e-02 
2023.290639 7.747831e-02 
2023.314549 9.888157e-02 
2023.338458 1.187446e-01 
2023.362368 1.319860e-01 
2023.386277 1.353947e-01 
2023.410186 1.315461e-01 
2023.434095 1.286038e-01 
2023.458004 1.346152e-01 
2023.481913 1.510268e-01 
2023.505821 1.714905e-01 
2023.529730 1.865320e-01 
2023.553639 1.907111e-01 
2023.577547 1.864846e-01 
2023.601456 1.796593e-01 
2023.625364 1.726319e-01 
2023.649273 1.629126e-01 
2023.673181 1.481910e-01 
2023.697089 1.310008e-01 
2023.720997 1.152939e-01 
2023.744906 1.022738e-01 
2023.768814 9.102710e-02 
